11000010101011010110010010011000011110101100111100001010110100000101110010010000011110110101011010011111011110011101100011110110
10001001101111101100011100111111011100100011000110011101001010001111010110001011011110001001101100111000011101010101010010000100
11001011100101010110000001000011011111011110111111111100101111011000110000111110101010111000110111111110001111111110110111001011
00111001101100100110011110011011111101100101111101011110010010111000011111001101101011011000010000000001110110001100100010001111
10101001111001110010110110001101000111111100100100010001000011110101011010001101011110101101010010001100101100000111110001100111
01010101101011100111110001011010111100001011100111101000111111001001101100111001000010010011011100110011110111110110001111011110
11100100110101111100011011010000000000111100111000110101010110100010001010100110100110111101110110011001101000010100101110011111
10111001011101010010111110011001011010010000001111011000101111110100101110110101110010110011101010111100110010110001011111110010
01011010011001100110001111101010110001110011010001101101100111011100010000101010001010101110100100000110110000111011101011100000
00011100111001100110100101100111011101001100100110010100010001111100100111101001001110101100000011011100100100001101111101011011
11110100111000010110101100101111011101010111101000001010101111010110100100100101111111010000010111011011111011011111010100100111
11011010011100000000010111001000000000010001110001111110011111010101111000111001100100101011010110101101011000001010100111100000
00100010100110100011000110101101101101111100110101001111111101001011010011110101111101100010100110100011001011111101110101010110
00110001000010111111101000100001011101011001101011110000111000011011010101000111001010000010101110001011100000000011110100110000
00011001100011100011101101001101000110101101101100100001101010010111011101010101111010101000110100011110010100010101010011001110
10010100010111111010100100101101101011110111100101101011110001011100011001001100000100110001010011110100111101100000100010001110
10011100000111110011000111100110110101100000001101111001101001100000001000101011110010111111010011000111100000110001000101001111
10110101011111110010000110010001111001000100100111000100110010101101101001111011010111001110101010010111111011100000000111110101
11001011101010001000101010010111000110100100101110111110011010111100001111101011101011011111010111000100001011100010011000110010
10011111011001111000110011100101110001111001011010101011011001000100010110001010111000110011101101110010100110111110011010100010
01001111011010111110010101110001111101101111010110000101010010010101000111111101000011100101101101110011101010101010110100000101
10111101000010110000001001011010100000010101011011101101101001010101111001111111110111010001010100100101011010001100110001111001
01110111101111000001111101101100001101100101010000100101100100000000001101111100011100110000111010110111001100001000000101000011
11000000010100111000010111010000101110110001011000011000011100000011000110000111010011101010101010111101100101100100111110011010
00110110000010111011001111111100001011100110101001000000011000110000100011100111100110101101000011111101100001001000000110010001
01110000110100000110010111101100110000011001100010100010110000110000010110100000110101101001101111100111100110010110100010000110
11011010011100101000000111000000000001000000110111100101001011111111100110110101010000001100001011001101100011100011010101000001
10110111101011000001010010110101101110001001001001011011101101010101111100010000110010100010011011110010001001001001011110100011
11000001001000001110000001001100011111110100101100010010110100000110011111011000010001111010100111101011101110011001011110101101
10111110100110100011110111111011000100000111010011110011101011100010101110011010011100110001100100101111000001111101110100011110
10110011000101101011111111000101011000011010110111011011010011010111000101000010000000100000010000100100010011010101000100110000
00011000010100001000011101111010000101010000011111100110011011110101101000100011110111110110101110100111101100101110001111001001
11101111110100111100110010101001000111001011110110110011111011000011110000111110100000001001110100110010100110111111101001110010
10011101010001111010101000000110111111010010101000001010110011101111101011100011001010110011110010101100100100001011100011110101
01111010111010110100110001111000000101101110110101111111100101111111001011101100010101101101011001110110100111111100011110110101
11100011100011000101001111100111111111011000011001011101001000000011100000010011110011100111011001001010000000011010010010100110
01011110001011000011011110100111011111110001110101011100101000101101010111100110101010010111110011010011111010101100000001101010
10011000000011001100001110100011110101011101011101010110000111100001001010010101000111111001001001010010110010111111101001000011
11110110101111000000011000111010110000100011000100111011100000111101001101010110100010010100111101000011010000100011011100110101
10011000011011110101011110101011100100010011101100101010010001001111111100001111100010101101110011111011011011111100101010010001
01000011101000101000100110111010011100100111100001101011010011110101000110100101110000100000000110100000000100110101011000101100
11101100010101000000100000111000001100011101101101101001010000110000001111001100001110010110111101101011110111000110101100001101
10100001110100110011010010001100101010111011010111011001000101110101010010111111011001011010010100010111111010010001000011110101
00100010001100111101101011010110110110011111010001110001101100000001010001010101101100010011001101100000100010000101011110110110
01110111010001010011001011011011111110101101111011011110101000100010100001010010110001011100001001111100010100111001101010100110
11010101110111101011001000100011010101111001010110100101001011010000110001011110001111111010001110000000111001100100001100101000
01000010100100101010101110100011010000110011111010001001001100001110001010110100000110000010011111000100101010111000111000010101
10110101001000001000100100001111111011100010011100110001100011111010001001011110001101011010000011100101100110000011011100101000
00110011101001011101000010100100011011001101000110101011001010010001101001110011011100010011010001101110010111001100010010100100
11100101001110001011101011010001010100010001101110110111101110011001000101100110001101111011001010111100100110110101110010000110
01101010101001000110111010000101100111101100111001101111111010100101110001000101101100100010100001011100110111110011110111100000
10111100100001100110000000001111000011001010000100011100101101011011100000001000011000000010111010100111101100000110110110011100
11011000110111000001000000111010101011000111011101100100111011111101100010000100000111001111100001010011000100000000101011110110
01100110101101011100110001010101001001110100100110000001100110001110101111101111100111100011001110111000101100100111010010011011
00111001101001101011000011011110011011110100000111000110011100010010001111101001100101001001110101110000011001011010110000110000
10100001100001110101110011100101001000101100101010100010010111000110010110000000011001001010110101011010001010011100101101111100
10110001010110100100100100001011100100110010001101100001100101101010000100100011101011011000101100010000111101011011011011100011
11110111010110100110001111010101100100101011001100111011000110011110000111010000011000101110011000000111001110110100111100011001
10010001110111110101111000000101010100111101000100000010011100010001101101101111111000101101001101010100110001111011010011111110
11110010101110001101011001001010111011100010101101111000100111110010100111110111110000000010110110110000101000001011001101000101
01100101101100101011010101100101001101000000101001010101111110011001101001111111100010100110101001100101101000010100000101111000
00101101000001101011011101001100100101111001110001011010110000101110101100100101011010111011000000111111001110101010011001000110
11000101000010101111010110010000111000110101100101110100111110000000111111110010001100001010110111101100111010101101010110110111
01110000011111111010011101000110011001100110011110100110001101001111010110110011001000010011001011101011000100010100100111111111
10110001110011010110010101000110001111001100001100101001010001111001101101011011000010110000101111100100110111011001000110000011
01001100010011010011000010101010110000100111001111110001110111100000000011101001100111000000011111101110000110100101100100110111
01000111110101010100011011010010110111001110101101010111011000100111101011110010100001100101011110001111000101111111010100011101
00000101010001111011011111011011001110000101011001000011011110110101110110011001010000001111110010101110010010011110011000100000
00110110000011100001100000000001110101001100111111001010110111011101001111100100101001011110100000000000100111100110100011111000
01010101100000011111101000001001000100101011011001100100011111000101110111000010000111001000110110100110011000011111100000001000
10111010001111010111010110001110001110001110110111010110000110001001111101010101000010010111100110000001100100100101100100001101
00111000011000111001110001110010100011111011011001011111100010110110101000110010010110010011001100110100100011111111101111011000
11000111100111011001101111110000110001001011000001010011010100100101111100100111011101110101101100101100100111000001011111101011
10010110110101010011110101000001101110011001000011010011110011111101010001011111101001011101101110011001111111100011101100110111
00101110101000000100011101110101111111001011100111111110110101000110111111010110001001010110001000101000111001111001000101000111
10010110100100000000010001000000000001000110011101101000001101110010101101011110000111011101111111111101010010000010000000101001
01111101101011011010001100100000111010000101101000011100101001110101111000110111010011010000110011001100001000101000001100101110
01111001110111100100001010100011101001101000100010011000000100100011111000110011110001000110100110000001001011001001100111011000
11110110101100100011010010011010101000001011111001011010111001010010000001011100100100110110010110010001010111000110111100100001
11110001010110000001100111101111011110110110110010001110110110101011111110111111110100100001010100101010111100101101100111010011
01110010001111011000000010100111001111101001110101001011101110100110010110110111101011100000011100010101101100010000111010101101
11001010001110100100001000110110111110000001101000010100110001110001011000001101111000001110111101111001010110100111100011010111
00110110011101101110000101001011100010101000111011110100110010000100101111011011101100101010111001001101000001011110010101011001
01010001011101111110110111001111001011100110001010001111001001100100100011000001001000111101001010010101111000010111001011110010
11000110110000110101111111111101011101100111001011001001101100101000111110101011110111101010001101011100100000000100110010001111
10101100110010111011000101001100101110011001001111000110001011111100001110110001101001100110000001000001000100000111001110101110
00010000000010111101111010100100010001101011010110110010011001101010010110000110101110011000001100100110000101010100001111110010
00111110110100101000100001100111010100010111111011010111001011000101000100010100011111110111110111001001101011011110100100001001
00000111111111011101111111000111000000110011100001111001100111100100011001000110011011100110101110100010001010101000011100111001
11001011101100111011000001010001011011110000101110011101111010010111010111001001111101100101110010010001001101110000111001100101
00100110010101111000110100100111010101011111101111111010100101000000000100010001000001010001011100000101001100111000000000101110
10101000001100011110110101011000101000111000000001100000001001010001010110101101111110000001011111011111010000011101111110100001
10011110001010011111001001011011010000011011101100001011011000101101110000000010010001000110010101010011001111010111110110000010
11101111001100110000101010011010111010001110000100100001111101000001110110110100010000011111111011101010010001000000111010010010
11111100000101000100111100000011000010110011110010011010111001001111101010101101001010001001001001011101011101001100011110001010
10000011111011111011101001011000111101010010011010101110110111101001101100001001110001111000000110111111010011100001101111010001
11110010010100110111010100000111001100111110010111010000110100011101001100110011101000100110110111111010001101110000001100010110
01110001011010110000111010010110010100101001110100110000111010011101001010101111010000001100000000011001000110100100100101111111
