xxxxxxxxxxxxxxxxxxxxxxxxxxxxxxxxxxxxxxxxxxxxxxxxxxxxxxxxxxxxxxxxxxxxxxxxxxxxxxxxxxxxxxxxxxxxxxxxxxxxxxxxxxxxxxxxxxxxxxxxxxxxxxxx
00110110001101100011011100111000001110010011101100111011001111000011110000111101001111010011111000111111001111110011111000111111
01000000010000000100000001000001010000010100001101000011010001100100010001000101010001010100010101000110010001100100011101000111
01001000010010010100101101001011010011010100110101001110010011100100111101001111010011110100111101001111010100000101000001010000
01010000010100000101000101001111010100000101000101010010010100010101001001010100010101000101010101010100010100110101001001010010
01010001010100010101000001001110010011010100110101001100010011000100101001001011010010110100101101001011010010000100100001000111
01000111010001100100010101000101010001100100011001000101010001010100010101000101010001010100010001000100010001000100010001000100
01000101010001010100010101000011010000110100001101000100010000110100001001000010010000100100001001000010010000100100001001000010
01000010010000100100001001000010010000010100000101000010010000100100001001000010010000100100001001000010010000100100001001000010
01000001010000010100000101000000010000000100000001000000010000000100000001000000001111110100000000111111001111110011111100111111
00111111001111110011111100111110001111100011111000111110001111100011111000111110001111100011111000111110001111100011111100111111
00111110001111100011111000111110001111100011111000111110001111100011111000111110001111100011111000111110001111100011111000111110
00111110001111100011111000111110001111100011111000111110001111100011111000111110001111100011111000111110001111100011111000111110
00111110001111100011111000111111001111110011111100111110001111100011111000111110001111100011111000111110001111100011111000111110
00111111001111110011111100111111001111100011111000111110001111100011111000111110001111110011111100111111001111110011111100111111
00111111001111110011111100111111001111110011111101000000010000000100000001000000010000000100000001000000010000000100000001000000
01000001010000010100000101000001010000100100001101000011010000110100010101000100010001010100011001000110010001110100011101000111
01000110010001100100011001000101010001010100011001000110010001110100100001001000010001110100100001001001010010100100101001001011
01001011010011000100110001001101010011100101000001010010010100100101001101010100010101010101011001010111010101110101100101011010
01011011010111000101101101011100010111100101111001011111011000000110000101100001011000010110001001100011011001010110011101100111
01101000011010100110110001101110011100000111001001110101011101100111100001111001011110110111110001111111100000011000001110000100
10000110100010011000101110001101100100001001001010010101100101111001101110011011100111011001111010011111101000011010010110100111
10101000101010011010101110101011101011001010110110101100101011001010110110101101101011101010111110101111101011011010110110101010
10100111101001001010000110011110100111001001100110010111100101011001001010001110100010111000011110000100100000101000000110000000
01111101011110100111100001110110011101000111001001110000011100100111010001110011011100000110110001100100010111100101110001011011
01010100010010100100010101000111010000010011010000101010001001000001111000011010000110000001011100010110000101100001011000010110
00010110000101100001011000010110000101100001011000010110000101100001011000010110000101100001011000010111000101110001011100010111
00010111000101110001011000010110000101100001011000010110000101100001011000010111000110000001100000011000000110000001100000011000
00011000000110000001100000011000000110000001100000011000000110010001100100011000000110000001100000011000000110000001100000011000
00010111000110000001100000010111000101110001011100010111000101100001011100010110000101100001011000010110000101100001011000010110
00010110000101100001011000010110000101100001011000010110000101100001011000010110000101100001011000010110000101100001011000010110
00010110000101100001011000010110000101100001011000010110000101100001011000010110000101100001011000010110000101100001011000010110
00010110000101100001011000010110000101100001011000010110000101100001011000010110000101100001011000010110000101100001011000010110
00010110000101100001011000010110000101100001011000010110000101100001011000010110000101100001011000010110000101100001011000010110
00010110000101100001011000010110000101100001011000010110000101100001011000010101000101000001010100010110000101010001010000010101
00010101000101100001011000010111000101110001011100010110000101100001011000010110000101100001011000010110000101100001011000010110
00010110000101100001011000010110000101100001011000010110000101100001011000010110000101100001011000010110000101100001011000010110
00010110000101100001011000010110000101100001011000010110000101100001011000010110000101100001011000010110000101100001011000010110
00010110000101100001011000010110000101100001011000010110000101100001011000010110000101100001011000010110000101100001011000010110
00010110000101100001011000010110000101100001011000010110000101100001011000010110000101100001011000010110000101100001011000010110
00010110000101100001011000010110000101100001011000010110000101100001011000010110000101100001011000010110000101100001011000010110
00010110000101100001011000010110000101100001011000010110000101100001011000010110000101100001011000010110000101100001011000010110
00010110000101100001011000010110000101100001011000010110000101100001011000010110000101100001011000010110000101100001011000010110
00010110000101100001011000010110000101100001011000010110000101100001011000010110000101100001011000010110000101100001011000010110
00010110000101100001011000010110000101100001011100010111000101110001100000010111000101110001011100011000000110000001100000010111
00010111000101110001100000011000000110000001100000011000000110000001100000011000000110000001100000011000000110000001100000011001
00011001000110010001100000011000000101110001011100010111000110010001100100011000000110000001100000011000000110010001100100011001
00011001000110010001100100011000000110000001100000011000000110000001100000011000000110010001100100011001000110100001101000011010
00011010000110100001101000011010000110100001101000011010000110100001101000011010000110100001101000011010000110110001101000011010
00011010000110100001101000011010000110100001101000011010000110100001101000011010000110100001101000011010000110110001101100011011
00011011000110110001101100011010000110100001101000011011000110110001101100011011000110110001101100011011000110110001101100011011
00011011000110110001101100011011000110110001101100011011000110110001101100011011000111000001110000011100000111000001110000011100
00011100000111000001110000011101000111110001110100011110000111010001110100011101000111100001111000011110000111110001111100011111
00100000000111110001111100011110000111010001110000011100000111000001110000011100000111010001110100011110000111110001111000011101
00011100000111000001110000011101000111010001111000011101000111010001110100011101000111010001110100011101000111000001110100011101
00011100000111000001110000011100000111000001110000011100000111000001110000011100000110110001101100011011000111000001110100011101
00011100000111000001110000011100000111010001110000011011000111000001110000011100000110110001101100011011000110110001101100011011
00011100000111000001101100011011000110110001101100011011000110110001101100011011000110110001101100011011000110110001101100011011
00011011000110110001101100011011000110110001101100011011000110110001101100011011000110110001101100011011000110110001101100011100
00011011000110100001101100011011000110110001101100011100000111010001110000011100000111000001110000011101000110110001101100011011
00011011000110110001101100011011000110110001101100011011000110110001101100011011000110110001110000011011000110100001101000011010
00011010000110100001101000011010000110010001101000011001000110000001100000011000000110000001100000011000000101110001100000011000
00010111000101110001011100010111000101110001011100010110000101100001011000010110000101100001011000010110000101100001011000010110
00010110000101100001011000010110000101100001011000010110000101100001011000010110000101100001011000010110000101100001011000010110
00010101000101010001010100010101000101010001010100010101000101010001010100010101000101000001010000010100000101000001010000010100
00110110001101100011011100111000001110010011100100111011001110110011110000111101001111010011111000111111001111110011111100111111
01000000010000000100000001000001010000100100001001000001010000110100001101000100010001010100010101000110010001100100011101000111
01001000010010010100101101001011010011000100110101001110010011100100111101001111010011110100111101001111010100000101000001010000
01010000010100000101000101010000010100000101000101010011010100110101010001010101010101010101010001010100010101000101001101010011
01010001010100010101000101001110010011100100110101001100010011000100101101001100010010110100101101001011010010010100100001000111
01000111010001100100010101000110010001110100011001000101010001010100010101000101010001010100010101000101010001010100010101000101
01000101010001010100011001000100010001000100010001000100010000110100001001000010010000100100001001000010010000100100001001000010
01000010010000100100001001000010010000010100000101000010010000100100001001000010010000100100001001000010010000100100001001000010
01000001010000010100000101000000010000000100000001000000010000000100000001000000001111110100000000111111001111110011111100111111
00111111001111110011111100111110001111100011111000111110001111100011111000111110001111100011111000111110001111100011111100111111
00111110001111100011111000111110001111100011111000111110001111100011111000111110001111100011111000111110001111100011111000111110
00111110001111100011111000111110001111100011111000111110001111100011111000111110001111100011111000111110001111100011111000111110
00111110001111100011111000111110001111100011111000111110001111100011111000111110001111100011111000111110001111100011111000111110
00111111001111110011111100111110001111100011111000111110001111100011111000111110001111110011111100111111001111110011111100111111
00111111001111110011111100111111001111110011111101000000010000010100000001000000010000000100000001000000010000000100000001000000
01000001010000010100000101000001010000100100001101000011010000110100010001000101010001110100011101000101010001100100011101000110
01000101010001010100010101000100010001010100011001000110010001100100011101000111010001110100100001001001010010100100101001001011
01001100010011010100110101001101010011100101000001010001010100100101001101010100010101010101011001010111010101110101100001011001
01011010010111000101110101011100010111010101110101011110010111100110000001100001011000010110001001100011011001010110011101101000
01101010011010100110110001101110011100000111001001110100011101010111100001111001011110100111101101111110100000001000001010000011
10000101100001111000101110001101100011111001000110010011100101101001100010011010100110111001110110011110100111111010000010100011
10100101101001111010100010101000101010101010101010101011101011001010110110101101101100001010111110101110101011011010101110101010
10101000101001011010000110011111100111011001101010010111100101001001001010001110100010101000011110000100100000001000000001111101
01111100011110010111010101110100011100100111000001101111011100000111001101110010011011110110101001100010010110110101100001010110
01001111010001010100000101000100001111010011001100101010001001000001111100011011000110000001011100010110000101100001011000010110
00010110000101100001011000010110000101100001011000010110000101100001011000010110000101100001011000010111000101110001011100010111
00010111000101110001011000010110000101100001011000010110000101100001011000010111000110000001100000011000000110000001100000011000
00011000000110000001100000011000000110000001100000011000000110010001100100011000000110000001100000011000000110000001100000011000
00010111000110000001011100010111000101110001011100010111000101100001011100010110000101100001011000010110000101100001011000010110
00010110000101100001011000010110000101100001011000010110000101100001011000010110000101100001011000010110000101100001011000010110
01000000011100100110011010110010010010111101100101110100001110010111000100111100001010001110111011011010010100101011110000100110
xxxxxxxxxxxxxxxxxxxxxxxxxxxxxxxxxxxxxxxxxxxxxxxxxxxxxxxxxxxxxxxxxxxxxxxxxxxxxxxxxxxxxxxxxxxxxxxxxxxxxxxxxxxxxxxxxxxxxxxxxxxxxxxx
xxxxxxxxxxxxxxxxxxxxxxxxxxxxxxxxxxxxxxxxxxxxxxxxxxxxxxxxxxxxxxxxxxxxxxxxxxxxxxxxxxxxxxxxxxxxxxxxxxxxxxxxxxxxxxxxxxxxxxxxxxxxxxxx
