10011110000011011000111100110010110000010101011001001010000001111110010100001100111011111000011100101110110000111011100000001011
11001110100111110110010000101010110100011111010100101001010010010000101111011111011110110101011001111101010100100001100111011110
00100001001110000000011011000000101000101001000011001000101110000111001010101001100110100111010101001000100100100111010111001000
10111111100011111011011000101110011001011111111111111111101000000100010011011001001011110000011001010010110110100001111011011110
01001000001011001101111001011110101111100010111100000011110001010100111010100000001111100100000111011011111010100110110101010100
10101001000000100101100011111111010100000001101000011010110111101101011000100011100111110111010001010111110001000000111110111001
11000111111011101101110100100111111111110011011010100110110110111110001010110110000100101100101001000110111101000111100100000010
10111111100100101000100101111000011011000100101000111000010011010110000111001100100001001011100001110110000000110110100101000011
00110100101101100001001101001111000111010111000000101000011100100010000110000110111111001010000100001011111110000101010011001110
10111011111100010110011111010101110011100110010101010011001101110001100000011011100101111001101110101100110111101011011010011110
01110111111000101111001010010001010011110010110010101011111001111011110111010011000110011001111111001111111100000011001101011101
01110111111000101111001010010001010011110010110010101011111001111011110111010011000110011001111111001111111100000011001101011101
00000111011011100011010010000001001000100010000111110101110100001110100011101010111111110011011011110000000100000111010011000011
11110101011000000010101001010110001100011101111111000011111101011110100010010001111111011011111111111001101110000000000011000000
11111001000010101110101000010101011011000100000111100000000110110001101001100010110101110100000101010110101101011001100010011000
11111111001010010000001000010111110001100101010100001101010101001011000100000111011110110011010011100100110110000010110010010100
00000110001110110100001100010011001001110011011010010111010100110100000011000101000011101110010101000101011101100010101011000011
10001010101010101011000100111000010000001110000100110001110001000110100110100111110100001001001011111100100000001111000011000110
00010111010101101101110000100111101101101000000110010011000111110100000010001100001001011011011000111110100011000101000001111111
11010011100000111101100101010111110001000100100100110101011010110110101101111000111001111100100101101101110001000000001110000010
10000101010100101110011110100001100100001111100011011100110101010001100010010111010001111100111110100100011100111101111011011110
10111110011100010111001100111111001010010101001011100110001101001000111010000100000100111010110101110101010111011110101010011101
00100101010111010100101011011111110111111100101010100111110001010001010111011010100000011010000001011001110010010111001101110001
01011101110111101011010101010011110000100000011100111101000100110101100000010010101010000101101100110111101010100001101110100111
10001010100000010011011111111111011101010111001110011010111001010011010111101100110110110111101011110100111100010111010110010011
11111001000000001000110011010011101111001000100110001001100001011000010010110110000100100111010011101101011010111001010010100000
11010000011101110101101101000110101100101010101011010101001011101010011110001110110011101111100110111010110011111110110011011011
10100111100111011110010110001000001111001100100100010110001001001101100111010010101101000001101011110110100111001101001011100111
10110011101011110011111100010100101101000111001000101100101001101000001000101111000101110100001010010011000100100010101111000001
10101001000001011011101001100100000111000110111110100001101100111001000110010000110110000110111011100100010000000011111000110010
10101001000001011011101001100100000111000110111110100001101100111001000110010000110110000110111011100100010000000011111000110010
10101001000001011011101001100100000111000110111110100001101100111001000110010000110110000110111011100100010000000011111000110010
10101001000001011011101001100100000111000110111110100001101100111001000110010000110110000110111011100100010000000011111000110010
01010000000101101101100010001110000110000100000101110001011101111001011100010011001110101111110010101010110100000111110111001000
11001011100111001001110111011111110101011100111111100110011110000000110111010000010000001100100100111010101110101001110010001000
10101001000001011011101001100100000111000110111110100001101100111001000110010000110110000110111011100100010000000011111000110010
10101001000001011011101001100100000111000110111110100001101100111001000110010000110110000110111011100100010000000011111000110010
10101001000001011011101001100100000111000110111110100001101100111001000110010000110110000110111011100100010000000011111000110010
10101001000001011011101001100100000111000110111110100001101100111001000110010000110110000110111011100100010000000011111000110010
10101001000001011011101001100100000111000110111110100001101100111001000110010000110110000110111011100100010000000011111000110010
10101001000001011011101001100100000111000110111110100001101100111001000110010000110110000110111011100100010000000011111000110010
10101001000001011011101001100100000111000110111110100001101100111001000110010000110110000110111011100100010000000011111000110010
10101001000001011011101001100100000111000110111110100001101100111001000110010000110110000110111011100100010000000011111000110010
00011110101111110011011000111110000001101011110011001011111001011100101110110001100100101110111010101101011000010111100001011011
11110010000011010111101010110110110000000001001111100010101101101111111110011111101111111001111101100001000011000001111111101101
11010001101001000110010101010101011000110000001000101111101010111110101110001001110000001110100011110001001011010001011000111001
11001110000001111000111010110001110010001000010010001011001000000101111110110101011000000111110100111100011001101101011011001010
00110111100000101111010110001101110110001100110001101010111000000110011010110100100010100010101000100001110110110111001001111010
00100010110000010111100100000101010100100010100001000101000101100001111101011100111001011010101010010010010011110001101100110100
00101010011011101000110100111010011101100011110010001000011100110010011101011001001110011011010101000000010100101001111100100111
00111101101110000100010111010000101111111011001010101100110110001000010001100011010101011111001011100000001100010100101011000000
00111011011000111011010100000000111010111100000101011110101100001011110111000011001110010101111011001100001011001111011000110101
10000110111011110010101101110010001100110011000101010010011101011110100010001000101011010000001111110001010111011001111011101011
01011111010011111101001001001001001001100110111100110110000111100101011100000111011011111110010101001001101010110101010110100101
11100110111110000000100001010110011110010101111101101011010011101000000000110100011100100010111101010010101010011110111011100010
00000110110101101101111011111010011100010100010010101010110100111111011010001010011100100000001010010101010111100000110111000000
11110001011100110101011101110110100000011100000010110100010000100101110100110110111110110001001011110100011100001001100000110101
10100011101010000011010111111101010111101111100100010111010001010101100111101111100011100100100001000110110000010010011011010010
00111110001101000011000111011110111011111001100000011001011011011111010000001010100110011110111010011100011000101011001110010000
10011101010101010000010111011010100110100011111001010110011101111111001011100001110100111111011110010000100110011001011101011011
01101111101001101010111101011000011110101111000000010001101000101100101111010000000010101001100011011010000001000000011111101000
01100100010000111111010100010011000001110101010010101011010000100010000101111111110110001101100111000001011100010100001100000101
10101001000001011011101001100100000111000110111110100001101100111001000110010000110110000110111011100100010000000011111000110010
01010100001000001011011101101100101011110000100111100100101110101011100100111101011010001101101110111100001011011101001001000001
01100010110101111011010001000100110101101110110011011111010001010111100100001010100110111110111000110001001101110101000111001110
01011100101111110100001011100100011011101110100001111101010011010000111011000011110100001010011010101010000010100110011100010001
01010011100000011010000111101100011101101100001001001111111100000110101000000001010000101111010010110111010101100110010011110000
00000000001110111100101000101000011011111111001110100100001111111100100000111100011011101100101011101001111011000010011010011000
10100010110011000111010111011001000011000010100000100011111010000111010010110100011001000001001000001100111011000001010100110000
00101001000011010110000110100101101010010101101011111100010101101111011001100011001100100101100010011000111000101111001101100000
00110100000100100111001000110110101110100101110100101100111000110111101100100010101001000101101001001011011100111001000011011110
10111111100100101000100101111000011011000100101000111000010011010110000111001100100001001011100001110110000000110110100101000011
00110100101101100001001101001111000111010111000000101000011100100010000110000110111111001010000100001011111110000101010011001110
10111011111100010110011111010101110011100110010101010011001101110001100000011011100101111001101110101100110111101011011010011110
01110111111000101111001010010001010011110010110010101011111001111011110111010011000110011001111111001111111100000011001101011101
01110111111000101111001010010001010011110010110010101011111001111011110111010011000110011001111111001111111100000011001101011101
01110111111000101111001010010001010011110010110010101011111001111011110111010011000110011001111111001111111100000011001101011101
11000110011111111101101011110001001101101010111110000111100101100110101000011110011110100010111001011100111011110001001011011011
10110110100101100101000000110110111011010000010000010011100110001010011110110010110100000101100100100101101000011110101001100110
11001111110111100101110011111011001101110100011100101110001111100010011110111001001010011101111101100100001100101001001011011000
11011000101110011011100111111110001000111010110101001001110111100100101111110110100101100010101100010101110110100001011001011001
00100011110000100100100100110001011111001010101011101100101010110011000100000001001101011100100010011011001100001100111110110111
11100101100111010011011111010111011111011110001010010000100001111000010101010110101100000101110000110010110100011110101101000011
10100001010110110010010101100101000100011111111010001101010011011110110110110011111010001111010011100011111111000011011101010001
00110110101001011101001111110000101110011010000111111101100000011010000000010101100010101111011000000010101011101101110011101111
10000100101011111111111110000110110001000100101110010001001110101110001101001111010110011100111101010000001101010011110011110100
11111100010000001000111001010001100000011110001010000100100111011010010000111101101001111101000011011000010101000100001101011110
11110011001101000110010100110111001111011010001110101100110001000101111101101100001100101001101101101110101110101011101000100100
11110111001011000110010011011100100111110010111001001011000110010101000000101111011100100000111011011001010110101001011000110000
11111001000000001000110011010011101111001000100110001001100001011000010010110110000100100111010011101101011010111001010010100000
11010000011101110101101101000110101100101010101011010101001011101010011110001110110011101111100110111010110011111110110011011011
10100111100111011110010110001000001111001100100100010110001001001101100111010010101101000001101011110110100111001101001011100111
00010111111010110101000001110011101101100011011001011110011100011000110001001111100101110011111001011100110101000101110010011010
10101001000001011011101001100100000111000110111110100001101100111001000110010000110110000110111011100100010000000011111000110010
10101001000001011011101001100100000111000110111110100001101100111001000110010000110110000110111011100100010000000011111000110010
10101001000001011011101001100100000111000110111110100001101100111001000110010000110110000110111011100100010000000011111000110010
10101001000001011011101001100100000111000110111110100001101100111001000110010000110110000110111011100100010000000011111000110010
