11000010101011010110010010011000011110101100111100001010110100000101110010010000011110110101011010011111011110011101100011110110
11001010001101011011001111011000101001011011110101111101011001111010011100111011111101000101101101100001111110110100100110011111
00101011111110110010111111001100011001001100100101100001000101011110100100100101001110100101000111000010011010101010100110001100
10100000100011000001011000010000001100001101001100111111101101111111101001100001110001111111011011100111110111011011110001000011
00100000000100010111001010110101011111011100100101000010101000010101100101110101011000001101010000010110111101001000001010000110
10011011011000001010100111101000100110110101100000110110000000010101100001101111111001111010010011000101001011110110011110101100
10000111001010110010110110010000111000111101111001100101010101010011010011010110101111011001000100010010101010101000101100010010
11100001001111010001110010111110111010100101111011101100010111001101110100011001000100101011010011010111001010011110100001011011
00111100001011001111000011111011011000111100001010000011110010100111110111100001100110111100010100101000001100011100011010101010
01111001010100010110001001011001110100010101101110110011100000011011100111100101101101111100110001000101011101001101010011001100
10000000101111101000110010011110101000000011010110110001110101111000101100111011110100100101010101010110001100010100110001110000
10010000110001010100110111100100011100100011110100010000110000010111111001101110110110000000110110011010010100000011010100000011
01001110000100010100110101010000100011100010100100001111110111111111011010001110011101010111111010001000010001010010010010001011
01001001011100110111111000010010000010001010101100001000010110100001010001011111110110110101100111101100111011110101110100100100
01111111110101010000010001111011111111110011011010010100110101010111110111100010100101011110100100111100010100010001101101011001
01001110010101001100000110111011001111100100001101000101001101000100111010001100110111101010111010100110001111100111011011010111
00100101001100110001100010110000110101000010101011010010011111000011011100111010101110101110000110011110001110001010111100010001
10110010100001001011000111011101100010010101000010010111010000111101110001011011000111001010110101010101100110001011101011100100
01001111001101010001010011100111000101100011100110100001011100111101110100110110100111010010000110111010011000011101100111000000
10111100111111001101010000011011011011101100001101111000110011010101110111001100101101100110011101110110011100000001000011011110
11011011000000001100010101001100101111010101001001000010010100011111001011010001001010000001001101101101111001110001011101011101
11011100101111100100111001100001010001001001111101000111000101001011110011000000101111101011111101000001111110000001010111010011
01000110101001011101001010000000101011101100100010110101000011010001001100111110110000101001110101110000101011110100011000100101
11101110011001011101101001010010100101111100110010010011011010010101101110001000101011010001000100101011111101000110110001111010
11001001001101110101010110110000111110011100000000101011110000101000101010101101011001101110000100000100101000001101110011010000
10100100001111000110000001000111010110011001011000001010011101000001111001100010100010110111100000010011111111111100011111001011
10000110000101010001000010001010100110111010010110001110011111001011011001000001100010000111001010111001000000111001010010111100
11101100111111001000100100100101000100011010000011001101100000000101101101110111011100001100001011010011010101100101110000001100
01101101101101000010000101010110100010001111111001100010010000110010001010000001100111011110001110101010111000101000001001101011
01001100000001010011011001000110000011101010001010011001010100000011111000000101100110010110010010111000001000011100110111010100
10110111110101001101000111011000100100001011001010100010010001101010110010111001010100001000011110001101100101011101010010101011
10110110011011111000011110000100100101011101011010011001011011011110100101001110001111011111010000110011101001111001111001010101
00010111101111001111101101110110101111110011001000011010011000100000010011000000011011010100000010011110001010110011000011011111
10011111010111100010000111110000011110101010010110111010110110000110111111101001000010111101101101001101011010000011100100110101
11101000110101010111010001011110000010011000100111000101110010101100110001100100110011000010000110011110111001010100110011011010
10101100100001001010000010101111110010010111100100110110101110001011010001101001110101110011010010101001011011011101101010010110
10111111011111011110101000011000010001100111010010011100001110011101101110010101111000001110100010111100100010000101100011101101
01000000010010001010011111100110011010111010101001001000111110101100100101000100101000010111010011001110111010011001111011000110
11010110001101101111100110011110010101101110010101000110011010010011110000001010001010111101101110101001001010111000010000101010
10100111011111011011110001001010111001011111110110100101100111000011000110101000101101100011011111001001110110100100111011010111
01101110111100111111100110000100111100010001000111001010001001110110001111011110100100011010011010000110111001001001111011000010
00010011100100010100110001110001111100001101101101100101111010011101011101011101101000100111100101001011111010100001000100000111
10100011110101000110100101010011000110001111111101111010010100010001011011110000101010101101110101000000100001101110101000111110
01101000101001011100000100111110010100001001110011010000000000110111110100100111101111001010110011100111100011100111100000100001
01111000111111100000011101000011001011100000010100110111011110010011001011110111101001000011100001001010110101100000000001101111
00111001101101000101011111110110101100010111001111001101000000111000100001100110010101010010001001011000100101101000110001101001
11101101111101001010011111011010100011101100010101111001011100011111011110101001111001100111001101110100101001111010101000001001
10111011000101100010000100001110100011100001010110000011001110010111110011101001100011100101010100011100000111110000001001011110
11101111100111000101000111000110100100011010100101000000111101010100111001100000111001111101111010010001111100111000011111111111
11010110111010110010100100010010100100001000111100011010100011110010001101010011110110011011110100000100111101000110110001000010
11101101001001111100010011101011000110101000000101010001100010100000111011001000111111011111001100100101100111100100110001001101
00010011111000001011100101101001001011001001110101001010100001001010001000011011010010111000110101100011110111010001011110000010
00011100000000101010010011011110111011010001100001011001101101011111110011010001111011110101001110110001100111110110100011110010
01110111110111010010001110110010010001000010110010001110000011001101011000000100001111110100100000100011011010100111111101110111
00110110000010101110011011100101101011110100100001101011100001110110000011101001111000000111000010000101101111101100100010101001
11111000110110100101011101111111001001000101000100011011101001001100001011101000000111100100000011111011011000001111000110000101
11000010001011101010101101011110101011010001000010101001110101001100001111101100100011011010010101110001011101000111001101010011
10101100000010011110101000000110100110000101111001010101011101100001111001110111011100111010011101010000010101111011111000001110
00000000001000101001000010101100001100010111001100000011110110100000111000100100110010010101100000111111000010110000111101011100
01111100100111100111110110000011111010001110110110100101011110100101100100111000101100010000101010100010011010011111100010101010
11111011000111101101000101011101110010101110110111111000110011100111110101011111101101010010011110001011101101001010011101010101
10101010011110110000110001001110000111111001011100000100000000010011111101011001010100100111001111100101101101110010111101100110
10101001000100111000000111001100000010000001001011100001100111010011000101100000010011100000111011000010001100011011111001101010
11101010001001110000101000011001011011100000001100010110010111101011011000100010111100110100000101010010010000110011111001000011
11110110100111100000101001000101100101001000000010101110001011111011010010010111001011000011101111111000100010110010001000101101
00100011111001011011100001000001101110001111000000001000110011010101010011011101001001000101110010110011010010000110000011000111
01100111110100011010111011000111101000101110111101111110100110110000111001011000000101111110001011111010000111001110010011110111
10001101101011110000110001011111001000011001100111010111111110110011011011011000011000001100001001001000101111010110011111110011
00101001010111001000110011000000011011010011000100111001101001100101110101100111101010110101111111111010010001011010001010111111
01010100001100000110000101001001110110100011100011111110000110011111010001100001010001000101010101101111010011101010010111010011
10110000010000100110010011111001110011000110110110110010100110110101000010100111101110100000001000100000100000011000100010000110
10011011101100100000101111100000101010011011000011111010000100000100001011001111000010011011010110110000000010100001001101110110
00001101111111000111000101011111111001001011010011001000001011101110010111010001111010111000011101110100001100100000110001011111
11101000010000010101001100101110101110000010110110111110101001111110110001010011111011001111000011001001001100000001000011111111
00100000101000010101110100110111110111100001100011110100011011001010111000011111100100001001111110011001111101000001111001100001
00010001111100100111110100010111010101100111101000110010111010001100100001000100011100111001101110100010111001101101101011100011
01010101111010110000011011010000101101010001110001000101010101100001101000101110111111111110011100100110101001000011001011011011
10011011111001010100000110000001100010000011110001100111001101001001100000001001001010001011101110101101110001000010010100101100
01100100110100101110100000000000001110001011101111000010111000001000111110010110001101100010010100100001010000010010001000011011
10011101000110001001101111100001000100010110001011111011100000011100101100100110011010011111101111100101110111111011010100011100
00010000101001101100101010010101101000010010011110100010110001100001111001111010001000100011010001010010100001100010100010101011
00010001111010010001101110111011001000111111001011010101010011101011001100000000111100101100010001000101010110010011010000000101
00000111000111010101100000100000111000011011000101101100110100011010110110111111100111010110000001101011000111111110100100101100
10101001101110110010111110000110010101001000011010101111001100011010110111001110000111100101101000100000010110111010010100101000
11010011111110101101010101110101011001110111001100111001010101001110111111100100101010110111001000111010011111101111111000101001
00010000000000000000100101101110010111001010101110000011001110100110010011010001101110101000001101000011111110101001001001001100
11010111101010000011101000100000000110001110011101000101100101111010000111110110111001001110101011001101110100010100001000000011
11011001101001001100000010000110101110001001111000100010001100010001010011001110101110011010110001101110011001100011100000000010
11100101000011001110001010110000110101001001011111001001001011000011000000111011011101100101001100000111111000110111111010000100
00000010101111111010100011100000000101001010101101101000101000111000001011010111111111001101010010101000011000000111100101010001
11100111010010001001000100101110111011101100001001000101011100111101101101110100111000100101000101010001110011101001011000000001
00101000100100110000000010111101000011100110011101100011111001110011110010110100001011001010101101010110111100001001011001000111
01010101010100111100101110000011010011100000110111100101100100100100110111011101100000000110010101101010111111000001111101001101
11011011001000010111100001100011111001110111111011000111010100001010010011100011011111010010010100010101001011101000110101111111
00110100110111110110010101000111101000001001010010011111100101101100111000010011011100100000101111010010010000111000010011000010
10110011101110000011100111011111100111010001000111100100011100001110010010101010110111011010010100010010111110100111001001110011
00010000001100010010101011010000110011100100101110111010011110101111101110010011011101101001000101001101111001101110011000110100
10101001011001001000111000011111100001110001100000111010010110100000010011001111110001011111100110100100101000101110111110110010
